id	value
1	-0.505928854
2	-0.494071146
3	-0.493083004
4	-0.490118577
5	-0.4743083
6	-0.462450593
7	-0.458498024
8	-0.454545455
9	-0.433794466
10	-0.418972332   
11	-0.411067194
12	-0.410079051
13	-0.407114625
14	-0.395217391
15	-0.383399209
16	-0.367588933
17	-0.363636364
18	-0.359683794
19	-0.354743083
20	-0.351778656
21	-0.347786561
22	-0.343873518
23	-0.339920949
24	-0.335968379
25	-0.328063241
26	-0.324071146
27	-0.322134387
28	-0.320158103
29	-0.316205534
30	-0.312252964
31	-0.308300395
32	-0.300395257
33	-0.296442688
34	-0.292490119
35	-0.288537549
36	-0.280632411
37	-0.276679842
38	-0.272727273
39	-0.271699605
40	-0.268735178
41	-0.267786561
42	-0.26083004
43	-0.259881423
44	-0.256916996
45	-0.255928854
46	-0.252964427
47	-0.251976285
48	-0.249011858
49	-0.248023715
50	-0.246007905
51	-0.245059289
52	-0.244071146
53	-0.241106719
54	-0.240118577
55	-0.237114625
56	-0.236166008
57	-0.233201581
58	-0.232213439
59	-0.229249012
60	-0.225296443
61	-0.2243083
62	-0.221343874
63	-0.220355731
64	-0.217391304
65	-0.216403162
66	-0.213438735
67	-0.213399209
68	-0.212450593
69	-0.209486166
70	-0.205533597
71	-0.204545455
72	-0.204505929
73	-0.20256917
74	-0.201581028
75	-0.199604743
76	-0.197628458
77	-0.196640316
78	-0.195652174
79	-0.193675889
80	-0.192687747
81	-0.18972332
82	-0.185770751
83	-0.183794466
84	-0.181818182
85	-0.179841897
86	-0.177865613
87	-0.17687747
88	-0.176837945
89	-0.175889328
90	-0.173913043
91	-0.169960474
92	-0.166007905
93	-0.165019763
94	-0.164031621
95	-0.162055336
96	-0.160079051
97	-0.158102767
98	-0.157114625
99	-0.156126482
100	-0.154150198
101	-0.152173913
102	-0.150197628
103	-0.149209486
104	-0.148221344
105	-0.146245059
106	-0.145256917
107	-0.144268775
108	-0.14229249
109	-0.138339921
110	-0.137351779
111	-0.137312253
112	-0.134387352
113	-0.133399209
114	-0.130434783
115	-0.12944664
116	-0.129407115
117	-0.128458498
118	-0.126482213
119	-0.125454545
120	-0.124505929
121	-0.122529644
122	-0.12055336
123	-0.119525692
124	-0.118577075
125	-0.117549407
126	-0.116600791
127	-0.114624506
128	-0.112648221
129	-0.111620553
130	-0.110671937
131	-0.109644269
132	-0.108695652
133	-0.106719368
134	-0.104743083
135	-0.102766798
136	-0.100790514
137	-0.098814229
138	-0.097786561
139	-0.096837945
140	-0.09486166
141	-0.093833992
142	-0.092885375
143	-0.091383399
144	-0.090909091
145	-0.089881423
146	-0.088932806
147	-0.087944664
148	-0.08743083
149	-0.086956522
150	-0.085928854
151	-0.084980237
152	-0.083478261
153	-0.083003953
154	-0.081027668
155	-0.080039526
156	-0.079051383
157	-0.078023715
158	-0.076047431
159	-0.075573123
160	-0.075098814
161	-0.074071146
162	-0.07312253
163	-0.071620553
164	-0.071146245
165	-0.070118577
166	-0.06916996
167	-0.068181818
168	-0.067193676
169	-0.066166008
170	-0.065217391
171	-0.064229249
172	-0.063241107
173	-0.062213439
174	-0.061264822
175	-0.06027668
176	-0.059288538
177	-0.057312253
178	-0.056324111
179	-0.055335968
180	-0.0543083
181	-0.051383399
182	-0.050395257
183	-0.050355731
184	-0.049407115
185	-0.048418972
186	-0.04743083
187	-0.046442688
188	-0.045454545
189	-0.043478261
190	-0.042450593
191	-0.041501976
192	-0.039525692
193	-0.038537549
194	-0.038498024
195	-0.038023715
196	-0.037509881
197	-0.036521739
198	-0.035573123
199	-0.034545455
200	-0.033557312
201	-0.031620553
202	-0.030632411
203	-0.030592885
204	-0.029644269
205	-0.027667984
206	-0.026679842
207	-0.026640316
208	-0.0256917
209	-0.023715415
210	-0.022727273
211	-0.022687747
212	-0.02173913
213	-0.019762846
214	-0.018735178
215	-0.015810277
216	-0.014822134
217	-0.014782609
218	-0.013833992
219	-0.011857708
220	-0.010869565
221	-0.01083004
222	-0.009881423
223	-0.007905138
224	-0.006916996
225	-0.005928854
226	-0.003952569
227	-0.002964427
228	-0.002924901
229	-0.001976285
230	0
231	0.000988142
232	0.001976285
233	0.002766798
234	0.003952569
235	0.004901186
236	0.005889328
237	0.007905138
238	0.008893281
239	0.009841897
240	0.011857708
241	0.012806324
242	0.013320158
243	0.013794466
244	0.015810277
245	0.016758893
246	0.016798419
247	0.017747036
248	0.019762846
249	0.020711462
250	0.020750988
251	0.021699605
252	0.023715415
253	0.024664032
254	0.025652174
255	0.027667984
256	0.028616601
257	0.029604743
258	0.031620553
259	0.032094862
260	0.03256917
261	0.033557312
262	0.035533597
263	0.035573123
264	0.037509881
265	0.039525692
266	0.040474308
267	0.041501976
268	0.043478261
269	0.044466403
270	0.04743083
271	0.047905138
272	0.049407115
273	0.051383399
274	0.052371542
275	0.053320158
276	0.053359684
277	0.055335968
278	0.056284585
279	0.056324111
280	0.057312253
281	0.059288538
282	0.060237154
283	0.06027668
284	0.061264822
285	0.063241107
286	0.064189723
287	0.065217391
288	0.067193676
289	0.068142292
290	0.068181818
291	0.06916996
292	0.071146245
293	0.072094862
294	0.072134387
295	0.07312253
296	0.075098814
297	0.077075099
298	0.079051383
299	0.080039526
300	0.081027668
301	0.083003953
302	0.083952569
303	0.084940711
304	0.084980237
305	0.085454545
306	0.086916996
307	0.086956522
308	0.087905138
309	0.088932806
310	0.090909091
311	0.092885375
312	0.093873518
313	0.09486166
314	0.095810277
315	0.096837945
316	0.098814229
317	0.099802372
318	0.100790514
319	0.102766798
320	0.103715415
321	0.104743083
322	0.106719368
323	0.107667984
324	0.10770751
325	0.108695652
326	0.109683794
327	0.110671937
328	0.111620553
329	0.111660079
330	0.112648221
331	0.114624506
332	0.115573123
333	0.116600791
334	0.118063241
335	0.118577075
336	0.119525692
337	0.12055336
338	0.122529644
339	0.124505929
340	0.126482213
341	0.12743083
342	0.127470356
343	0.130434783
344	0.131422925
345	0.132411067
346	0.134387352
347	0.135335968
348	0.136363636
349	0.138339921
350	0.139328063
351	0.140316206
352	0.14229249
353	0.143241107
354	0.146245059
355	0.147193676
356	0.147233202
357	0.150197628
358	0.151146245
359	0.151185771
360	0.154150198
361	0.15513834
362	0.155612648
363	0.158102767
364	0.160079051
365	0.162055336
366	0.164031621
367	0.166007905
368	0.166996047
369	0.16798419
370	0.169960474
371	0.170948617
372	0.173399209
373	0.173913043
374	0.17486166
375	0.177865613
376	0.178853755
377	0.181818182
378	0.183794466
379	0.185770751
380	0.187747036
381	0.18972332
382	0.190711462
383	0.192687747
384	0.193675889
385	0.195652174
386	0.197628458
387	0.199604743
388	0.201581028
389	0.203557312
390	0.205533597
391	0.206482213
392	0.209486166
393	0.211462451
394	0.213438735
395	0.217391304
396	0.219367589
397	0.221343874
398	0.22229249
399	0.225296443
400	0.227272727
401	0.229249012
402	0.231225296
403	0.233201581
404	0.235177866
405	0.23715415
406	0.238102767
407	0.241106719
408	0.245059289
409	0.245533597
410	0.249011858
411	0.25
412	0.250988142
413	0.252964427
414	0.255928854
415	0.256916996
416	0.260869565
417	0.26284585
418	0.264822134
419	0.268774704
420	0.273715415
421	0.276679842
422	0.279644269
423	0.28458498
424	0.288537549
425	0.292490119
426	0.296442688
427	0.300395257
428	0.304347826
429	0.313241107
430	0.316205534
431	0.317193676
432	0.320158103
433	0.328063241
434	0.339920949
435	0.347826087
436	0.351778656
437	0.359683794
438	0.368577075
439	0.391304348
440	0.395256917
441	0.399209486
442	0.411067194
443	0.43083004
444	0.438735178
445	0.442687747
446	0.458498024
447	0.486166008
448	0.494071146
